BIASES: 
[array([[-1.09608443],
       [-0.54516009]]), array([[ 0.21828691],
       [-1.24467367],
       [ 0.70690077],
       [ 1.18225986],
       [ 0.52938206],
       [-1.49841707],
       [ 0.06732962],
       [ 2.03255716],
       [-3.02860748]]), array([[ 0.66406351],
       [ 1.05846379],
       [-1.80197371],
       [ 1.00552364]]), array([[-0.15642101],
       [-1.54251044],
       [-2.03222097],
       [-1.94938968],
       [-1.44647033],
       [-2.42658375],
       [ 0.11488962],
       [-1.66061987],
       [-2.88850767],
       [-1.85498655],
       [-0.52658673],
       [-0.72880624]])] 
WEIGHTS: 
[array([[-1.48533891,  0.61372402,  0.88746571,  0.52421723, -0.75801448,
        -1.56034672,  0.96081217,  0.01743583,  0.2711978 ,  0.53614236,
         0.20378016, -0.30309942, -0.13803153, -0.98402704,  1.504663  ,
         0.9537807 , -0.26014402,  0.78109005, -0.4332643 , -0.90565719,
         0.00641946, -0.63563813, -2.69134521, -1.30877598,  1.11567173,
        -0.70754149],
       [ 0.48431257, -0.0433466 ,  1.01252157, -1.68437677,  0.31928054,
        -1.78224379,  0.18699875,  1.60569179, -0.98626044,  0.79600936,
         0.31967816,  1.33657215,  0.78764434, -0.4674606 ,  0.76801669,
        -0.13405258,  0.56864744,  0.20916143,  0.9179275 , -1.50928231,
         1.15763429, -0.57545327, -0.92730046, -0.90256899,  1.60320802,
        -0.18800801]]), array([[-0.93852195,  1.51514112],
       [-1.75320713,  0.19714554],
       [-1.03613492, -0.48447033],
       [ 0.11706133,  1.37457123],
       [ 0.13573989, -1.17563474],
       [-0.37579962, -0.33202376],
       [-0.29813249, -0.92393646],
       [-0.8200706 ,  0.50707038],
       [-0.06251344,  0.05440191]]), array([[-6.81997972e-01,  4.23955532e-01, -6.43835604e-01,
         1.58342243e+00,  3.57086459e-02, -8.19800550e-01,
        -1.76282314e+00,  2.33167076e+00, -5.48070367e-01],
       [-2.54177112e-03,  1.54798666e-01,  1.87496160e+00,
        -1.50389881e-01, -1.69460784e+00, -3.66441825e-01,
         1.22993539e+00,  2.18645203e+00,  4.94247355e-02],
       [-1.68795363e+00,  7.82837822e-01,  7.45166095e-01,
        -7.91533345e-01, -8.64211372e-01, -5.36167453e-01,
         2.21238707e+00,  1.23234815e+00, -7.46965116e-01],
       [-4.00254646e-01, -1.39018808e-01,  6.33462732e-01,
         6.93498853e-01,  1.55966535e+00,  3.46275866e+00,
        -3.86570730e-02,  1.10867577e+00, -1.01697631e-01]]), array([[-1.22293288, -1.55584166,  0.6763936 , -2.03903526],
       [ 0.40619587, -2.01870946,  1.09444965, -1.67121454],
       [-1.31039445, -0.55256414, -1.5188267 , -0.82921237],
       [ 0.33676561, -0.67658824,  1.10672752, -2.55434178],
       [-0.83643987, -0.05527628, -2.97979237, -2.15881498],
       [-1.64770881, -1.06413218,  0.13231138,  0.08996647],
       [-2.34563783, -2.31515176,  0.4655662 , -0.92571416],
       [-1.3912102 , -1.30217173,  0.18513836, -0.85173165],
       [-0.72166419,  0.31843169, -0.63355177, -2.30630261],
       [-0.29204852, -3.26171206, -1.04566672,  0.71720139],
       [-1.16893673, -1.92932293,  0.56082445, -1.40594646],
       [-1.61658796, -0.76495383,  0.03688551, -1.15779236]])] 
