BIASES:
[array([[-0.59763153],
       [ 0.93921238],
       [ 0.18257554],
       [-0.98787712],
       [-0.57135344],
       [ 1.29391729],
       [-1.2497371 ],
       [-0.81832476],
       [-0.01718148],
       [ 1.60604465],
       [-0.38094503],
       [-0.38526814],
       [-1.23525617],
       [ 0.69276905],
       [ 1.37558485],
       [-0.11415313],
       [-0.80882016],
       [-0.14924195],
       [ 0.21574568],
       [-0.7147103 ],
       [-0.60526112],
       [-1.15819207],
       [ 1.98448855],
       [-0.17473131],
       [ 0.62563264],
       [ 0.06154507],
       [ 2.417276  ],
       [ 0.60157482],
       [ 1.20299903],
       [-0.67654268],
       [-0.16518471],
       [ 0.79270079]]), array([[-0.58219474],
       [-0.64664845],
       [ 1.32673964],
       [-0.98393227],
       [ 1.59493878],
       [-0.57829215],
       [-1.27424872],
       [-0.49809903],
       [-0.7740896 ],
       [ 1.14656773],
       [-0.9501765 ],
       [-0.51187698],
       [ 1.46217122],
       [ 0.23491068],
       [-0.06661128],
       [ 1.47152756],
       [ 0.53836972],
       [ 0.13438377],
       [ 0.14650358],
       [-3.27656705],
       [ 0.98442266],
       [ 1.81215181],
       [ 0.0561334 ],
       [ 1.01204518],
       [-0.27684311],
       [-0.12436748],
       [-0.20049492],
       [ 1.00633598],
       [-0.97608697],
       [ 0.15354154],
       [-0.13642446],
       [-0.5607453 ]]), array([[-0.41670882],
       [-0.27754431]])]
WEIGHTS:
[array([[ 0.20509052, -0.52116944, -1.12179317,  0.67751238, -0.08359569,
         1.12252613, -0.26892569,  0.12949288,  0.08119269, -0.23285181],
       [ 0.39873081, -0.00390692,  0.01504126, -0.58251093, -0.76351378,
        -1.61938812, -0.07830351,  0.09752508,  1.07199291,  0.11190886],
       [-1.43725224, -1.12976211, -0.26144742, -0.4698974 ,  2.00228501,
        -0.39325358, -0.29339821,  3.54454903, -0.64842254,  1.44251429],
       [-0.55448707, -0.82619453,  0.25988097, -0.41896022,  1.36354921,
         0.48910968,  1.27072325, -1.09253797, -0.46387394,  0.25963245],
       [ 0.0359477 , -0.96552042,  0.51833618,  0.28852095, -1.19570568,
         1.54802834,  1.33771716, -1.74716237, -0.04975493,  0.6563525 ],
       [-1.01474144,  0.18754606, -1.05252669,  1.05378603, -1.16427654,
         1.74145755, -0.71611295,  0.5183188 ,  0.01899469,  0.44166812],
       [-0.34115195, -0.97174305, -1.39165582, -0.19856748,  0.17710529,
         2.0013224 , -0.39365599,  0.60740203, -0.30275867,  1.05872544],
       [-1.12111769,  0.21387239,  2.42689666,  0.96601628, -0.27903975,
        -1.21794627, -1.22405145,  0.55717551,  0.41454159,  2.24408541],
       [-0.58782267,  1.66201151, -0.45858846, -0.83472574, -0.27359156,
        -0.03976317,  0.46678643, -0.81332298, -0.97850884,  2.02547916],
       [-0.50774608,  2.22403335, -0.30611878, -0.98898611, -0.6410555 ,
        -1.23649071, -1.29218559, -0.9681747 ,  2.01207018,  0.78247118],
       [ 0.55495671, -0.49600609,  1.19061336,  1.00047423, -1.45242374,
         0.65024977,  0.22572792, -0.23788154,  1.38912365, -1.62474494],
       [ 0.41767387,  0.21760062, -0.17555249, -1.67913676, -0.59513253,
        -0.0296713 , -1.36354787,  2.04172933,  0.66980455,  0.49747068],
       [-0.9217959 , -1.00003647, -1.39393769,  0.20297664,  1.57472761,
         0.52970431,  0.59210478,  1.28021918, -0.58067117,  2.15615358],
       [-1.57287903, -0.37211224, -1.2856044 ,  0.24948202,  1.34030095,
         0.13563711, -0.14227231, -0.73210745, -0.83555595, -3.05970088],
       [ 0.68589725, -3.04380389,  0.18402927,  1.75643462,  0.46349642,
        -0.09907401,  0.22659823, -2.42899244,  0.25442535, -2.86624524],
       [-0.4925237 , -0.44760977,  0.39863996, -1.14588722, -0.19281306,
         1.03985496, -0.88883575,  0.12889021,  0.67832076,  1.08199304],
       [-0.23584667,  1.01721864, -0.47875495,  0.26231697,  1.49114242,
         1.4238593 ,  0.59118354,  1.62749106, -1.17600883, -0.39124675],
       [ 0.19463748, -1.32036992,  0.98784464, -0.26396863, -0.23274638,
        -0.02549872, -0.16377896,  0.2350654 , -0.15184136, -1.32243958],
       [-1.18802761, -1.2892983 ,  0.30079186, -0.97785106, -0.13517263,
         0.34510286, -0.51681317, -1.83245166, -1.11216084,  0.78385009],
       [ 1.46934187, -0.94388139, -0.52981836,  2.20516461, -0.44241047,
         1.79754785,  0.75423725, -2.36433912,  2.2497581 , -1.36843357],
       [ 0.68597869, -0.09184515, -1.00107669, -0.79457189, -1.69706174,
         0.19502371, -0.06150725, -0.12505562, -1.24463537, -0.02760894],
       [ 0.15443032, -0.90927223, -1.60733463, -0.70460982,  0.14825004,
         0.13012137,  0.35485112,  0.79517496, -0.88725059,  0.78914076],
       [ 0.5131797 ,  1.01661692, -0.31375688, -1.0686141 ,  1.93062667,
        -0.11145303, -1.026782  , -0.96168613,  1.57417325,  0.25143397],
       [ 1.62474046,  0.04462003,  0.22708224, -2.6288125 , -0.53824402,
         0.59138986,  0.41572104,  0.92082484,  1.6536885 , -0.4834735 ],
       [-1.00504103, -1.63238008,  0.29048803,  1.20970811, -0.65579975,
         0.32947116, -1.70405299, -0.85215593,  0.30734156, -0.4454927 ],
       [-1.02064445,  0.15473202,  0.36791418,  2.47271469,  0.80977351,
         0.88732397, -0.34646787,  0.88210532,  1.03957226,  0.02576038],
       [-0.29594181,  0.78380175,  0.70903182, -0.18093973, -0.97656555,
         0.13352042, -0.55033902,  1.48921961,  0.04025383,  0.01310081],
       [ 0.26789257,  0.35177555, -0.90734278, -1.32118855, -1.80344185,
         0.27972428, -0.42063295, -0.82916951,  0.33843584, -0.04056804],
       [ 0.31875201, -0.94349542,  0.22135572,  0.75458036, -0.14904044,
        -0.75428732,  1.2334499 , -0.83954588,  0.96077594,  1.12385005],
       [ 0.25526759, -0.70641945, -0.65682564,  0.53515157,  1.03002292,
        -0.37808005,  0.33804407, -1.12193421, -0.10638787,  0.55203899],
       [ 0.75135568,  0.03560718,  1.57146875, -0.41281986,  2.13352781,
         1.22742298, -0.08017993,  0.22525197,  0.75250693, -0.46704773],
       [-0.99225068,  1.50763236, -0.33868303,  0.19581558, -0.75491668,
        -1.20063062,  0.69795533, -0.59948551,  0.17798328,  0.54191672]]), array([[-0.24164437, -0.13611032, -1.43266383, ...,  0.25563464,
         0.09712901,  0.1390613 ],
       [ 0.43716691,  0.52055253,  2.0665087 , ..., -0.78487672,
        -0.44477803,  0.10638954],
       [-0.8820842 ,  0.32066356, -0.53073728, ..., -0.40369934,
        -1.44302258,  2.22256965],
       ...,
       [ 0.95635672,  0.65796051, -0.48447674, ..., -1.24673505,
        -0.75724838,  0.36768246],
       [-0.06560212,  0.0724854 ,  1.32938676, ..., -0.81138525,
         0.11716819, -0.41829586],
       [ 0.57213082, -1.55275644, -0.56748898, ...,  0.86752998,
         2.57200584, -0.28337506]], shape=(32, 32)), array([[-0.00551501, -0.78073751,  1.0362697 , -1.76477802,  0.95257161,
         1.13121352,  0.66416134,  1.41745952, -0.08980389, -0.23334553,
        -0.36478879, -2.33948464, -1.7711317 , -0.95750806, -0.16758883,
        -0.74462376,  0.82138987, -2.46295066,  0.80600852, -2.66575242,
        -0.79670014, -1.03884545, -0.22720373, -0.10367099, -1.64091098,
         0.19144736, -1.34755476,  0.34643692,  0.89527101, -0.49824562,
         0.83525156, -0.57858505],
       [-1.31123879, -3.24804946, -0.40465775,  0.29246051, -1.77386474,
         1.37400193,  0.80800458,  0.21769026,  1.26599235, -1.34760669,
         2.28511515,  0.42942592,  1.337169  , -0.97683222, -0.60115284,
         0.82686354,  0.00501063,  0.59685015,  2.43277521,  0.36469702,
        -0.69483211, -0.12766442, -1.43586229,  0.57150601, -2.58041001,
        -2.45246687,  3.12723351,  1.33098234,  1.30840464,  0.23571364,
        -3.27497407, -0.6204078 ]])]
